lact	mact	group	speed	pexp	phalf	pintmean	pintmedian
 50 30 1 0.03607933 8.572638 11.21592 NA NA
 50 30 2 0.03602321 8.141328 11.16186 NA NA
 50 30 3 0.03603091 8.234826 11.24377 NA NA
 50 30 4 0.03604532 7.876726 11.06566 NA NA
 50 30 5 0.03637433 8.869121 11.29102 NA NA
 50 30 6 0.03623017 8.757994 11.33435 NA NA
 100 30 1 0.05018325 54.29445 36.28194 NA NA
 100 30 2 0.05057713 56.05744 38.28188 NA NA
 100 30 3 0.05085307 57.63446 38.39525 NA NA
 100 30 4 0.04960953 55.07118 36.24217 NA NA
 100 30 5 0.05047395 55.06786 37.23246 NA NA
 100 30 6 0.05022572 56.52861 37.56169 NA NA
 200 30 1 0.08733243 77.05659 66.00586 NA NA
 200 30 2 0.08772961 78.11431 66.03070 NA NA
 200 30 3 0.08802157 76.46703 66.18095 NA NA
 200 30 4 0.08852824 77.03167 65.83804 NA NA
 200 30 5 0.08880090 77.66854 67.12978 NA NA
 200 30 6 0.08720981 76.43365 66.06935 NA NA
 300 30 1 0.1276572 129.8795 100.12055 NA NA
 300 30 2 0.1273893 133.3391 102.36319 NA NA
 300 30 3 0.1279359 125.0260  98.00975 NA NA
 300 30 4 0.1262669 130.3792  99.94207 NA NA
 300 30 5 0.1271839 131.1099 101.71530 NA NA
 300 30 6 0.1277666 132.7407 102.13228 NA NA
 400 30 1 0.1612304 253.7822 162.7693 NA NA
 400 30 2 0.1622632 234.1501 158.2820 NA NA
 400 30 3 0.1614558 225.9880 153.6918 NA NA
 400 30 4 0.1657864 271.8577 170.9631 NA NA
 400 30 5 0.1639114 272.0394 165.5853 NA NA
 400 30 6 0.1626225 240.2688 158.2109 NA NA
 500 30 1 0.1823318 306.7563 189.4740 NA NA
 500 30 2 0.1815116 309.1577 181.8789 NA NA
 500 30 3 0.1838838 337.2812 199.7072 NA NA
 500 30 4 0.1859996 407.7066 242.2362 NA NA
 500 30 5 0.1818716 345.4144 208.1386 NA NA
 500 30 6 0.1810813 326.5440 195.2759 NA NA
 700 30 1 0.2057237 345.0771 199.1195 NA NA
 700 30 2 0.2045262 381.7949 207.5445 NA NA
 700 30 3 0.2054402 388.5074 208.2364 NA NA
 700 30 4 0.2034755 406.4520 219.4725 NA NA
 700 30 5 0.2042671 373.1154 199.6546 NA NA
 700 30 6 0.2055090 360.9908 207.8022 NA NA
 1000 30 1 0.2261518 316.5526 169.5532 NA NA
 1000 30 2 0.2281290 329.5738 179.7463 NA NA
 1000 30 3 0.2255585 284.8351 160.5779 NA NA
 1000 30 4 0.2272822 313.5504 169.7602 NA NA
 1000 30 5 0.2261524 314.9461 157.3991 NA NA
 1000 30 6 0.2251634 310.2970 164.2146 NA NA
 50 40 1 0.03966512 39.27910 16.79682 NA NA
 50 40 2 0.03982505 40.25477 16.86969 NA NA
 50 40 3 0.03949572 38.84006 16.53624 NA NA
 50 40 4 0.03948135 38.89708 16.62339 NA NA
 50 40 5 0.03970477 39.15800 16.55702 NA NA
 50 40 6 0.03960386 39.15503 16.70890 NA NA
 75 40 1 0.05153872 77.29238 51.50113 NA NA
 75 40 2 0.05089962 76.82899 50.02190 NA NA
 75 40 3 0.05167974 77.56779 51.52654 NA NA
 75 40 4 0.05050676 77.21845 50.03142 NA NA
 75 40 5 0.05049415 75.05222 48.51192 NA NA
 75 40 6 0.05142808 76.20472 51.10421 NA NA
 100 40 1 0.06417237 92.88343 72.34528 NA NA
 100 40 2 0.06305434 91.59670 70.84951 NA NA
 100 40 3 0.06416837 92.60540 72.33581 NA NA
 100 40 4 0.06458537 93.42583 72.34784 NA NA
 100 40 5 0.06321431 90.88183 70.30522 NA NA
 100 40 6 0.06333331 92.03774 70.29828 NA NA
 150 40 1 0.09103824 139.2511 106.7114 NA NA
 150 40 2 0.09119917 139.4736 105.1256 NA NA
 150 40 3 0.09180172 136.6123 106.1063 NA NA
 150 40 4 0.09154109 139.6714 106.1220 NA NA
 150 40 5 0.09151211 140.1579 108.7468 NA NA
 150 40 6 0.09021811 138.9989 105.9410 NA NA
 200 40 1 0.1232477 293.3869 202.0233 NA NA
 200 40 2 0.1223301 300.2676 202.4368 NA NA
 200 40 3 0.1210078 271.7614 182.0472 NA NA
 200 40 4 0.1209151 278.5926 184.6164 NA NA
 200 40 5 0.1218372 255.2431 181.0357 NA NA
 200 40 6 0.1233514 314.5936 203.5719 NA NA
 250 40 1 0.1488127 765.5305 449.6503 NA NA
 250 40 2 0.1471459 745.9533 404.3690 NA NA
 250 40 3 0.1456887 550.2325 348.6701 NA NA
 250 40 4 0.1472994 702.5114 425.2034 NA NA
 250 40 5 0.1462033 620.5008 380.5141 NA NA
 250 40 6 0.1485866 859.3915 472.6463 NA NA
 300 40 1 0.1590657 1122.8694 656.5952 NA NA
 300 40 2 0.1583274 1034.7370 586.7857 NA NA
 300 40 3 0.1586370  893.3016 526.2014 NA NA
 300 40 4 0.1575422 1025.8091 557.6701 NA NA
 300 40 5 0.1582495  971.5248 530.4233 NA NA
 300 40 6 0.1587644 1050.6247 620.7464 NA NA
 500 40 1 0.1800921 1445.465 815.1576 NA NA
 500 40 2 0.1797094 1353.187 727.5748 NA NA
 500 40 3 0.1795110 1384.228 798.0513 NA NA
 500 40 4 0.1765690 1479.598 784.9082 NA NA
 500 40 5 0.1798330 1331.989 756.2848 NA NA
 500 40 6 0.1784498 1194.463 704.5782 NA NA
 800 40 1 0.1991440 1146.467 611.4861 NA NA
 800 40 2 0.1987248 1218.316 672.9899 NA NA
 800 40 3 0.1990312 1099.218 528.0561 NA NA
 800 40 4 0.1991249 1074.910 572.1987 NA NA
 800 40 5 0.1994334 1285.963 716.4216 NA NA
 800 40 6 0.1991156 1117.571 582.9404 NA NA
 1000 40 1 0.2108885 1099.0110 499.2020 NA NA
 1000 40 2 0.2091030  930.9498 454.9354 NA NA
 1000 40 3 0.2095373  939.3001 449.6407 NA NA
 1000 40 4 0.2079591 1251.2719 483.1949 NA NA
 1000 40 5 0.2097053  898.7408 462.3197 NA NA
 1000 40 6 0.2090715  880.7662 454.9060 NA NA
 50 50 1 0.04482664 77.57085 29.17882 NA NA
 50 50 2 0.04475123 78.57921 29.37219 NA NA
 50 50 3 0.04459084 78.42771 28.76105 NA NA
 50 50 4 0.04535489 82.13826 32.31735 NA NA
 50 50 5 0.04518529 81.46840 32.62510 NA NA
 50 50 6 0.04472247 80.40816 29.43016 NA NA
 75 50 1 0.06049509 129.0034 89.78712 NA NA
 75 50 2 0.05991239 129.7661 89.03823 NA NA
 75 50 3 0.06121145 125.5817 90.53374 NA NA
 75 50 4 0.06069111 125.7603 89.19862 NA NA
 75 50 5 0.06123998 128.4139 91.30241 NA NA
 75 50 6 0.06096571 127.4161 89.51493 NA NA
 100 50 1 0.07681311 171.5830 124.5917 NA NA
 100 50 2 0.07808209 187.3527 132.4779 NA NA
 100 50 3 0.07654967 183.8031 128.6334 NA NA
 100 50 4 0.07679806 192.9445 134.7341 NA NA
 100 50 5 0.07701018 181.5798 127.4043 NA NA
 100 50 6 0.07784189 183.7040 130.6197 NA NA
 125 50 1 0.09683369 305.3159 196.4284 NA NA
 125 50 2 0.09872404 346.9820 224.3491 NA NA
 125 50 3 0.09667470 321.5470 211.3821 NA NA
 125 50 4 0.09829582 332.3758 221.2876 NA NA
 125 50 5 0.09686371 328.4669 212.7232 NA NA
 125 50 6 0.09901784 341.7595 220.7177 NA NA
 150 50 1 0.1181110 762.2997 467.6799 NA NA
 150 50 2 0.1174501 740.3938 439.5440 NA NA
 150 50 3 0.1168672 734.7265 446.8793 NA NA
 150 50 4 0.1161825 704.5277 429.2077 NA NA
 150 50 5 0.1176242 828.6307 483.3083 NA NA
 150 50 6 0.1162639 768.8509 467.6225 NA NA
 200 50 1 0.1382654 2036.729 1254.080 NA NA
 200 50 2 0.1389791 2737.836 1404.404 NA NA
 200 50 3 0.1381504 2210.167 1249.342 NA NA
 200 50 4 0.1380894 2589.239 1331.864 NA NA
 200 50 5 0.1381579 2019.368 1081.883 NA NA
 200 50 6 0.1386226 2601.126 1412.398 NA NA
 300 50 1 0.1502418 2466.946 1459.061 NA NA
 300 50 2 0.1514174 3179.080 1652.783 NA NA
 300 50 3 0.1510212 3079.539 1755.775 NA NA
 300 50 4 0.1507870 2777.044 1476.446 NA NA
 300 50 5 0.1509517 2711.316 1614.619 NA NA
 300 50 6 0.1507580 2810.191 1725.162 NA NA
 500 50 1 0.1651513 3623.978 2235.699 NA NA
 500 50 2 0.1653195 3514.872 1800.629 NA NA
 500 50 3 0.1645724 4632.721 2271.919 NA NA
 500 50 4 0.1652991 3946.953 2020.763 NA NA
 500 50 5 0.1646258 2648.626 1441.773 NA NA
 500 50 6 0.1650171 4438.356 2642.807 NA NA
 40 60 1 0.04297527 86.42372 23.20251 NA NA
 40 60 2 0.04271834 83.61216 22.55169 NA NA
 40 60 3 0.04245063 81.97149 22.15038 NA NA
 40 60 4 0.04219286 79.89665 21.80428 NA NA
 40 60 5 0.04248567 81.67666 22.02004 NA NA
 40 60 6 0.04288999 87.19109 22.95775 NA NA
 60 60 1 0.05918783 164.7761 106.29676 NA NA
 60 60 2 0.05793415 158.5543  99.51135 NA NA
 60 60 3 0.05819442 159.1727 103.61795 NA NA
 60 60 4 0.05888317 165.0427 106.42896 NA NA
 60 60 5 0.05898955 164.4657 105.60490 NA NA
 60 60 6 0.05853462 165.4570 104.11712 NA NA
 80 60 1 0.07570830 313.4306 200.0730 NA NA
 80 60 2 0.07493029 298.8037 192.1714 NA NA
 80 60 3 0.07460880 306.4230 195.6081 NA NA
 80 60 4 0.07513799 305.9533 197.2623 NA NA
 80 60 5 0.07502076 295.1105 191.6824 NA NA
 80 60 6 0.07409454 288.1840 187.0967 NA NA
 100 60 1 0.09375772 678.8695 399.2222 NA NA
 100 60 2 0.09320286 663.7145 403.9569 NA NA
 100 60 3 0.09386184 673.0723 392.2129 NA NA
 100 60 4 0.09365965 703.7354 417.7956 NA NA
 100 60 5 0.09326722 650.6959 384.1126 NA NA
 100 60 6 0.09433212 629.8944 389.7284 NA NA
 120 60 1 0.1117673 1922.303 1055.9117 NA NA
 120 60 2 0.1115267 1674.574 1038.3201 NA NA
 120 60 3 0.1112957 1901.415 1099.9439 NA NA
 120 60 4 0.1109269 2032.154  978.0785 NA NA
 120 60 5 0.1105975 1853.226  987.4258 NA NA
 120 60 6 0.1113588 2325.183 1185.1535 NA NA
 150 60 1 0.1215570 5292.519 2591.564 NA NA
 150 60 2 0.1214968 4995.518 2380.684 NA NA
 150 60 3 0.1210699 4771.317 2590.368 NA NA
 150 60 4 0.1209157 3689.548 1835.866 NA NA
 150 60 5 0.1206496 4206.996 2238.656 NA NA
 150 60 6 0.1214163 4273.931 2325.613 NA NA
 250 60 1 0.1355887 5328.889 2795.183 NA NA
 250 60 2 0.1355779 5088.723 3143.720 NA NA
 250 60 3 0.1358393 5113.803 2341.628 NA NA
 250 60 4 0.1353739 3853.418 2366.726 NA NA
 250 60 5 0.1362172 4442.075 2576.206 NA NA
 250 60 6 0.1357071 4080.897 2304.719 NA NA
 30 80 1 0.03953555 87.22676 16.55320 NA NA
 30 80 2 0.03911918 83.27440 15.79100 NA NA
 30 80 3 0.03934152 88.37653 16.11009 NA NA
 30 80 4 0.03898772 80.65383 15.68827 NA NA
 30 80 5 0.03914438 83.98804 16.09221 NA NA
 30 80 6 0.03935211 88.24333 16.12632 NA NA
 40 80 1 0.05044622 184.2430 83.88272 NA NA
 40 80 2 0.05045458       NA 82.85286 NA NA
 40 80 3 0.05092936       NA 86.60343 NA NA
 40 80 4 0.05051307       NA 82.46091 NA NA
 40 80 5 0.05076741 187.8216 83.82359 NA NA
 40 80 6 0.05108836 172.0955 85.52996 NA NA
 50 80 1 0.06194073 337.1149 178.6932 NA NA
 50 80 2 0.06136385 342.1892 177.5224 NA NA
 50 80 3 0.06210772 385.9147 193.7024 NA NA
 50 80 4 0.06351719 367.6378 201.1336 NA NA
 50 80 5 0.06359686 359.0860 197.6507 NA NA
 50 80 6 0.06277245 332.9906 181.6037 NA NA
 60 80 1 0.07486802  944.1833 464.5543 NA NA
 60 80 2 0.07510693  942.6337 494.8609 NA NA
 60 80 3 0.07484274  840.7038 441.0200 NA NA
 60 80 4 0.07468519  969.0355 506.5398 NA NA
 60 80 5 0.07402151 1012.2665 494.1123 NA NA
 60 80 6 0.07530198  965.4641 488.6593 NA NA
 70 80 1 0.08503378 2952.830 1447.324 NA NA
 70 80 2 0.08371151 2272.823 1085.214 NA NA
 70 80 3 0.08454802 2214.405 1164.101 NA NA
 70 80 4 0.08304671 1945.750 1068.494 NA NA
 70 80 5 0.08328301 2050.219 1041.701 NA NA
 70 80 6 0.08401734 2570.841 1267.134 NA NA
 100 80 1 0.09779175       NA 3080.674 NA NA
 100 80 2 0.09855376 6319.487 3220.140 NA NA
 100 80 3 0.09864895 7088.993 3763.494 NA NA
 100 80 4 0.09875245 5172.480 2855.155 NA NA
 100 80 5 0.09828929       NA 4133.129 NA NA
 100 80 6 0.09935407 6400.378 3597.146 NA NA
 150 80 1 0.1077038 5894.078 2614.993 NA NA
 150 80 2 0.1067995 6758.925 3709.769 NA NA
 150 80 3 0.1074506 7742.256 3438.532 NA NA
 150 80 4 0.1068846 4782.221 2483.191 NA NA
 150 80 5 0.1074434 5367.283 2798.987 NA NA
 150 80 6 0.1075843 8126.403 3723.059 NA NA
 200 80 1 0.1132214 5038.368 2533.212 NA NA
 200 80 2 0.1133175 4515.496 2476.999 NA NA
 200 80 3 0.1136127 3601.873 2068.949 NA NA
 200 80 4 0.1140509 3845.337 2389.969 NA NA
 200 80 5 0.1144732 3537.096 2066.699 NA NA
 200 80 6 0.1137737 3589.175 1860.345 NA NA
 30 100 1 0.04322509 173.9561 23.04507 NA NA
 30 100 2 0.04325891 177.2898 23.10811 NA NA
 30 100 3 0.04344148 184.1740 23.20026 NA NA
 30 100 4 0.04361970 184.8884 23.53752 NA NA
 30 100 5 0.04334452 186.2634 22.76951 NA NA
 30 100 6 0.04349697 194.3507 23.58450 NA NA
 35 100 1 0.05106707 306.4066 102.57771 NA NA
 35 100 2 0.05077036 280.6191 103.84859 NA NA
 35 100 3 0.05041361 271.0079  99.98300 NA NA
 35 100 4 0.05052504 279.6871 100.65503 NA NA
 35 100 5 0.05066847 284.2691 100.09298 NA NA
 35 100 6 0.05003705 268.8426  96.61289 NA NA
 40 100 1 0.05898392       NA 200.3959 NA NA
 40 100 2 0.05906500 468.2742 196.5839 NA NA
 40 100 3 0.05926133 473.3753 209.4528 NA NA
 40 100 4 0.05901459 443.2622 192.6262 NA NA
 40 100 5 0.05902827 461.7229 201.1386 NA NA
 40 100 6 0.05935097 462.0760 206.8111 NA NA
 45 100 1 0.06596991  984.1506 436.8608 NA NA
 45 100 2 0.06726563  893.8836 455.7610 NA NA
 45 100 3 0.06740362  964.4973 453.8384 NA NA
 45 100 4 0.06711832  954.1197 436.4640 NA NA
 45 100 5 0.06742702  947.6598 438.7049 NA NA
 45 100 6 0.06703617 1080.6104 463.5650 NA NA
 50 100 1 0.07297630 2256.669  952.2240 NA NA
 50 100 2 0.07289194 2433.923 1079.4082 NA NA
 50 100 3 0.07331113 2262.595  990.5886 NA NA
 50 100 4 0.07317021 2747.817 1057.4607 NA NA
 50 100 5 0.07311393 1999.424  963.0328 NA NA
 50 100 6 0.07320654 2441.721 1000.1064 NA NA
 60 100 1 0.07885791 5432.496 2348.014 NA NA
 60 100 2 0.07886211 5489.215 2249.730 NA NA
 60 100 3 0.07950927 5597.122 2830.155 NA NA
 60 100 4 0.07960681 8293.342 3124.751 NA NA
 60 100 5 0.07963736 4684.811 2441.494 NA NA
 60 100 6 0.07909518 5759.874 2808.829 NA NA
 70 100 1 0.08163093 10616.137 5511.385 NA NA
 70 100 2 0.08192196  8114.373 3956.837 NA NA
 70 100 3 0.08200553  7558.222 3939.180 NA NA
 70 100 4 0.08132548  9372.881 4801.073 NA NA
 70 100 5 0.08169611  7711.398 3541.968 NA NA
 70 100 6 0.08186052  9710.594 3998.182 NA NA
 100 100 1 0.09013999 11916.555 5720.620 NA NA
 100 100 2 0.09076200 13779.394 5606.176 NA NA
 100 100 3 0.08981973  5842.910 3220.548 NA NA
 100 100 4 0.09018192 10189.352 4369.574 NA NA
 100 100 5 0.09043599  9636.704 4610.657 NA NA
 100 100 6 0.09048171  7848.774 3606.517 NA NA
 150 100 1 0.09522642 5852.051 2628.114 NA NA
 150 100 2 0.09484809 5011.424 2171.495 NA NA
 150 100 3 0.09519464 6317.811 3347.344 NA NA
 150 100 4 0.09516478 6492.007 2790.982 NA NA
 150 100 5 0.09502785 4596.151 2124.109 NA NA
 150 100 6 0.09459241 3635.182 1976.722 NA NA
 200 100 1 0.1010141 1981.221 1127.620 NA NA
 200 100 2 0.1004684 2043.844 1070.080 NA NA
 200 100 3 0.1009998 2170.934 1137.308 NA NA
 200 100 4 0.1008892 2358.487 1233.632 NA NA
 200 100 5 0.1007317 2197.792 1095.708 NA NA
 200 100 6 0.1008443 3043.336 1595.681 NA NA
