lact	lp	group	speed	pexp	phalf	pintmean	pintmedian
 100 0 1 0.2049917       NA 8.535429 452.6316 250 0.8619383
 100 0 2 0.2022251 2.647648 8.568796 390.4464 250 0.8538503
 100 0 3 0.1985206 3.379633 9.146809 417.0433 250 0.8615692
 100 0 4 0.2043235 2.916331 8.761233 430.7767 300 0.8619220
 100 0 5 0.2001996 2.864969 8.745991 412.5933 250 0.8640653
 100 0 6 0.1998619 3.272705 9.065117 456.3265 300 0.8637681
 200 0 1 0.6590284 2.277054 8.167513 110.3036 50 0.4919397
 200 0 2 0.6750994 2.085329 8.016734 108.9693 50 0.4846497
 200 0 3 0.6590997 2.059682 7.985011 109.7458 50 0.4904655
 200 0 4 0.6960619 1.972350 7.956276 107.3515 50 0.4721281
 200 0 5 0.6765639 1.861125 7.883050 109.7918 50 0.4738714
 200 0 6 0.6447963 2.052303 7.988156 113.0656 50 0.4962233
 600 0 1 1.418495 2.312672 7.965949 73.23645 50 0.2936488
 600 0 2 1.389792 2.506465 8.126682 73.94504 50 0.2914369
 600 0 3 1.411606 2.417088 8.076153 73.85803 50 0.2933990
 600 0 4 1.411661 2.372303 7.964067 74.14707 50 0.2916884
 600 0 5 1.416273 2.403103 8.061605 74.50133 50 0.2918543
 600 0 6 1.393885 2.357539 8.008895 73.78271 50 0.2934322
 800 0 1 1.551969 2.360283 7.800163 72.29092 50 0.2799306
 800 0 2 1.572921 2.300261 7.746337 72.93848 50 0.2796914
 800 0 3 1.555883 2.346826 7.783836 71.86895 50 0.2792697
 800 0 4 1.588562 2.326402 7.779401 72.67822 50 0.2804170
 800 0 5 1.579777 2.296582 7.731612 72.01540 50 0.2795056
 800 0 6 1.562182 2.316251 7.691717 70.39746 50 0.2783443
 1000 0 1 1.697122 2.199771 7.480803 70.39285 50 0.2695800
 1000 0 2 1.681812 2.239746 7.464093 71.16555 50 0.2687190
 1000 0 3 1.676145       NA 7.435727 70.23011 50 0.2689548
 1000 0 4 1.655354       NA 7.528340 71.02236 50 0.2697117
 1000 0 5 1.685522 2.219605 7.465578 71.08047 50 0.2702099
 1000 0 6 1.685381       NA 7.457845 71.13600 50 0.2693593
 1200 0 1 1.754066 2.237684 7.312603 70.51609 50 0.2606672
 1200 0 2 1.753960 2.178155 7.248497 70.16793 50 0.2616449
 1200 0 3 1.756538 2.190527 7.266901 69.44008 50 0.2610269
 1200 0 4 1.761684 2.205083 7.249671 70.35737 50 0.2601657
 1200 0 5 1.758146 2.154969 7.210756 70.66302 50 0.2616179
 1200 0 6 1.755977 2.130490 7.167082 71.41473 50 0.2617820
 1400 0 1 1.844247 2.080459 6.957648 68.63693 50 0.2542696
 1400 0 2 1.823027 2.081262 6.967431 69.77934 50 0.2538430
 1400 0 3 1.834484 2.105926 6.977016 68.72434 50 0.2544029
 1400 0 4 1.819987 2.056117 6.980518 68.56061 50 0.2554354
 1400 0 5 1.834344 2.104177 7.037852 69.44270 50 0.2552585
 1400 0 6 1.801897 2.061186 6.973429 69.03195 50 0.2547821
 100 0.5 1 0.07548081 113.0311 55.67084 84.13856 50 0.9999970
 100 0.5 2 0.07597192 136.5295 60.21182 85.79186 50 0.9999965
 100 0.5 3 0.07611263 133.4599 59.79644 85.07529 50 0.9999974
 100 0.5 4 0.07625922 133.6182 59.52602 87.52260 50 0.9999970
 100 0.5 5 0.07657852 134.6438 61.54208 87.80710 50 0.9999962
 100 0.5 6 0.07615917 131.0793 60.10338 88.02752 50 0.9999967
 200 0.5 1 0.1179950 125.3475 90.11483 169.6162 150 0.9996285
 200 0.5 2 0.1193028 123.9268 91.91195 170.8422 150 0.9999823
 200 0.5 3 0.1208864 129.9311 92.44549 171.9317 150 0.9993273
 200 0.5 4 0.1174868 117.6832 89.60376 168.4017 150 0.9999757
 200 0.5 5 0.1216298 125.7035 94.74798 174.8922 150 0.9995956
 200 0.5 6 0.1197475 133.9142 92.47145 171.5122 150 0.9996519
 600 0.5 1 0.4317157 1880.776 14.67492 1054.9784 200 0.9132625
 600 0.5 2 0.4318012 1596.608 13.59363 1032.2034 200 0.9141453
 600 0.5 3 0.4289133 3021.732 16.25554 1212.6866 200 0.9221678
 600 0.5 4 0.4279785 1675.944 14.41916 1031.4894 150 0.9133991
 600 0.5 5 0.4274055 1512.166 12.97101  903.5316 200 0.9011561
 600 0.5 6 0.4321711 1844.578 12.78516  911.4232 150 0.9117351
 800 0.5 1 0.4988686 1.494160 7.650647 303.2953 100 0.6837594
 800 0.5 2 0.5094459       NA 7.713931 312.9845 100 0.6767923
 800 0.5 3 0.5002586       NA 7.477514 363.2836 100 0.6930494
 800 0.5 4 0.4919172       NA 8.196039 389.9031 100 0.7228228
 800 0.5 5 0.4961747 2.198701 8.223780 366.4894 100 0.7318641
 800 0.5 6 0.4882174 2.141455 8.123059 351.1645 100 0.7004194
 1000 0.5 1 0.5321728       NA 8.334412 293.4889 100 0.6797115
 1000 0.5 2 0.5551343       NA 7.802187 302.1277 100 0.6938244
 1000 0.5 3 0.5341678 2.067272 8.135915 306.6411 100 0.6715494
 1000 0.5 4 0.5341622 2.487801 8.479169 320.6827 100 0.6985908
 1000 0.5 5 0.5475990 2.091906 8.138601 301.3767 100 0.6952883
 1000 0.5 6 0.5591597 1.887949 7.864015 256.8303 100 0.6618374
 1200 0.5 1 0.5671327 2.567193 8.482432 271.4367 100 0.6644613
 1200 0.5 2 0.5722691 2.137351 8.122832 288.6007 100 0.6490479
 1200 0.5 3 0.5829958       NA 8.069148 253.7686 100 0.6401460
 1200 0.5 4 0.5629003 2.321240 8.359153 317.7763 100 0.6825649
 1200 0.5 5 0.5783159 2.098510 8.123086 243.0928 100 0.6723688
 1200 0.5 6 0.5727702 2.418429 8.463972 282.7771 100 0.7003643
 1400 0.5 1 0.6078586       NA 8.074885 224.8808 100 0.6275688
 1400 0.5 2 0.5990696 2.484953 8.407505 231.9390 100 0.6549051
 1400 0.5 3 0.5810875 2.536344 8.517190 225.9314 100 0.6586032
 1400 0.5 4 0.6049677 2.267628 8.223281 209.3023 100 0.6566380
 1400 0.5 5 0.5828526       NA 8.429217 251.8201 100 0.6476127
 1400 0.5 6 0.5767979 2.423925 8.436502 232.5523 100 0.6557075
 100 1 1 0.06826505 102.65117 48.00198 76.93989 50 0.9999980
 100 1 2 0.06884201 115.38467 50.17727 76.56748 50 0.9999980
 100 1 3 0.06813262        NA 48.03486 77.09713 50 0.9999971
 100 1 4 0.06939639 110.29949 48.92327 78.22581 50 0.9999970
 100 1 5 0.06726756  89.69337 45.05611 74.24412 50 0.9999988
 100 1 6 0.06876583 107.74280 48.74355 76.73056 50 0.9999979
 200 1 1 0.1089905 138.7044 87.70047 136.1592 100 0.9999892
 200 1 2 0.1081020 143.0083 87.41321 134.1442 100 0.9999899
 200 1 3 0.1092814 135.2038 87.15523 133.9422 100 0.9999901
 200 1 4 0.1087280 143.8659 86.86986 131.9031 100 0.9999892
 200 1 5 0.1080082 135.1236 83.92086 132.3732 100 0.9999892
 200 1 6 0.1108201 161.9486 93.20023 136.7941 100 0.9999869
 600 1 1 0.2977723  738.3609 517.1874 1015.7080 650 0.9958865
 600 1 2 0.3075496 1027.7540 599.5062 1200.2564 750 0.9959778
 600 1 3 0.2903936  832.5620 512.8032  870.8812 450 0.9971964
 600 1 4 0.2980862 1037.1291 591.6377 1023.8938 550 0.9983185
 600 1 5 0.2947245  853.1015 540.3473  972.4576 525 0.9973730
 600 1 6 0.2992099  946.9054 624.6642 1040.9910 525 0.9972003
 800 1 1 0.3967595 5361.207 3552.089 6521.053 2525 0.9923811
 800 1 2 0.3867068 4939.537 3488.125 4773.529 2400 0.9890051
 800 1 3 0.3955832 5295.210 3206.892 5506.667 3600 0.9906703
 800 1 4 0.3950903 5952.154 4024.426 8006.452 5400 0.9931121
 800 1 5 0.3965925 5776.796 2977.782 4587.037 2825 0.9889418
 800 1 6 0.3970770 7371.522 4731.504 6047.561 2600 0.9923284
 1000 1 1 0.4491888 13032.617 4554.328 4869.608  450 0.9774561
 1000 1 2 0.4466180  5282.328 2632.437 3341.892  550 0.9771341
 1000 1 3 0.4440992  4807.109 3069.000 3573.913  650 0.9780172
 1000 1 4 0.4462873  5966.769 2269.751 3206.494  250 0.9723626
 1000 1 5 0.4494821        NA 3906.774 5288.298 1000 0.9807102
 1000 1 6 0.4462683  6099.870 2274.285 3435.417  275 0.9736592
 1200 1 1 0.4767835 3422.860 11.93812  844.4828 100 0.8794115
 1200 1 2 0.4835012 2218.358 12.25469  828.1145 150 0.8893043
 1200 1 3 0.4311420 2314.361 12.64207  879.3651 150 0.8624266
 1200 1 4 0.4823172 4197.170 17.58715 1230.5000 150 0.9224335
 1200 1 5 0.4680316 2349.669 12.60356  861.0915 150 0.8751110
 1200 1 6 0.4811187 3989.956 18.58531 1369.1667 150 0.9248377
 1400 1 1 0.4542062 1118.4267  9.423901 496.8037 100 0.7805090
 1400 1 2 0.5103358 3562.0446 10.758612 708.3333 125 0.8476734
 1400 1 3 0.5037986 1138.9288  9.485307 557.5294 150 0.8397450
 1400 1 4 0.4882487  984.4016  9.201220 500.9636 150 0.7893917
 1400 1 5 0.5102368 1413.0846  9.843638 515.1579 100 0.8206928
 1400 1 6 0.5046899  859.3379  9.148159 464.7510 100 0.7858259
 100 2 1 0.06057636       NA 38.21643 68.79756 50 0.9999961
 100 2 2 0.06070891       NA 36.69581 67.52577 50 0.9999973
 100 2 3 0.06102001       NA 37.57110 69.51399 50 0.9999974
 100 2 4 0.06141592 78.87791 39.86481 72.55474 50 0.9999962
 100 2 5 0.06105515 80.62547 38.86804 70.10234 50 0.9999967
 100 2 6 0.06067544       NA 37.57903 68.17507 50 0.9999970
 200 2 1 0.1007899 165.7033  92.46114 117.7049 100 0.9999936
 200 2 2 0.1013693 193.9823 101.39499 119.1368 100 0.9999914
 200 2 3 0.1017345 178.0709 100.68604 121.6003 100 0.9999909
 200 2 4 0.1000206 170.4913  93.79712 116.8417 100 0.9999921
 200 2 5 0.1015232 198.4452 103.64048 122.3608 100 0.9999925
 200 2 6 0.1015901 171.5552  98.99042 120.4864 100 0.9999904
 600 2 1 0.1451397 184.7103 104.69215 174.0191 150 0.9992654
 600 2 2 0.1455219 182.2371 103.53223 175.1856 150 0.9999433
 600 2 3 0.1419891 162.2108  97.83478 170.5451 150 0.9999534
 600 2 4 0.1436435 161.0177 100.00478 172.2866 150 0.9999482
 600 2 5 0.1391462 141.7940  90.90467 165.5831 150 0.9999486
 600 2 6 0.1396300 144.7751  94.63052 167.1488 150 0.9999520
 800 2 1 0.1976436 393.8953 240.7874 296.8000 150 0.9994760
 800 2 2 0.2107103 549.0745 324.6564 328.8428 150 0.9997970
 800 2 3 0.1940117 367.8677 212.5846 286.3426 150 0.9998117
 800 2 4 0.1892224 332.4047 177.4478 274.0211 150 0.9994743
 800 2 5 0.1937384 369.8981 206.8469 286.7647 150 0.9993605
 800 2 6 0.1929745 389.1032 194.5489 283.6420 150 0.9991484
 1000 2 1 0.2840565 770.9811 526.4579 726.3934 250 0.9990203
 1000 2 2 0.2833604 724.1124 480.2664 719.2182 200 0.9980538
 1000 2 3 0.2866978 825.6616 594.4217 750.8475 200 0.9994486
 1000 2 4 0.2847034 970.1242 624.1062 753.7415 200 0.9988665
 1000 2 5 0.2815668 750.7252 501.0066 715.5844 250 0.9989229
 1000 2 6 0.2876184 733.3071 523.9662 805.3957 375 0.9990808
 1200 2 1 0.3510160 2362.638 1430.0387 2423.500 1400 0.9981244
 1200 2 2 0.3530478 3190.893 1700.1912 2547.895  950 0.9985979
 1200 2 3 0.3551916 1983.500 1367.0784 2318.269 1325 0.9982974
 1200 2 4 0.3518657 2390.487 1415.2634 2169.820  950 0.9980900
 1200 2 5 0.3491896 1451.382  993.6668 1992.149 1450 0.9983712
 1200 2 6 0.3531643 1668.110 1186.3827 2079.310 1025 0.9983882
 1400 2 1 0.3948827 5294.718 3186.715 4942.000 3100 0.9966155
 1400 2 2 0.3957695 3884.872 2803.996 6865.278 4325 0.9983727
 1400 2 3 0.3981417 7192.184 4931.003 9196.296 6650 0.9978806
 1400 2 4 0.3967479 8588.163 6244.939 7521.212 2450 0.9976565
 1400 2 5 0.3949411 3755.529 2654.804 5886.905 3725 0.9983708
 1400 2 6 0.3953708 3768.034 2841.675 6341.026 3450 0.9977068
 100 5 1 0.04600741 37.99251 22.30183 56.29921 50 0.9999855
 100 5 2 0.04644102 39.44432 22.47753 57.80000 50 0.9999862
 100 5 3 0.04604530 37.60553 22.04696 55.34188 50 0.9999858
 100 5 4 0.04603792 39.32870 22.44728 55.31915 50 0.9999879
 100 5 5 0.04552327 38.33041 21.71149 55.99078 50 0.9999882
 100 5 6 0.04612439 38.59057 22.25390 56.81818 50 0.9999853
 200 5 1 0.08143501 160.4895 76.32373 95.88979 50 0.9999925
 200 5 2 0.08017012 150.8730 70.25220 92.93286 50 0.9999931
 200 5 3 0.08004993 138.2239 70.05738 93.83993 50 0.9999946
 200 5 4 0.07950798 151.5245 71.89225 93.30036 50 0.9999958
 200 5 5 0.07967216 151.3008 70.30976 92.93381 50 0.9999947
 200 5 6 0.08033966 155.7731 75.76675 94.45971 50 0.9999939
 600 5 1 0.1084141  99.12725 64.26824 111.0905 100 0.9999905
 600 5 2 0.1092471  99.75378 64.84385 109.4733 100 0.9999907
 600 5 3 0.1071176  93.79876 61.25659 106.6787 100 0.9999907
 600 5 4 0.1100260 103.74887 66.22771 110.4074 100 0.9999905
 600 5 5 0.1067402  96.56947 62.03065 105.9291 100 0.9999910
 600 5 6 0.1095434 103.70307 66.02266 108.7803 100 0.9999886
 800 5 1 0.1007233 82.42034 61.01433 110.9388 100 0.9938787
 800 5 2 0.1121284 82.01776 60.87697 110.5935 100 0.9999860
 800 5 3 0.1126918 83.87251 61.91150 114.0351 100 0.9999912
 800 5 4 0.0955677 84.33590 63.12924 113.0356 100 0.9873193
 800 5 5 0.1129396 85.37452 62.40057 112.5094 100 0.9999902
 800 5 6 0.1131851 89.86569 63.34792 114.5062 100 0.9999875
 1000 5 1 0.1174500  85.53176 63.91226 121.5734 100 0.9999847
 1000 5 2 0.1140114  99.99819 68.87958 125.3751 100 0.9902580
 1000 5 3 0.1198058  97.41812 67.55040 122.7047 100 0.9999845
 1000 5 4 0.1175167  83.45145 64.43903 121.7073 100 0.9999844
 1000 5 5 0.1171869  83.54587 63.78125 123.4323 100 0.9999841
 1000 5 6 0.1238597 115.41429 73.80610 128.2645 100 0.9999781
 1200 5 1 0.1280363 106.7350 74.66505 139.6442 100 0.9999752
 1200 5 2 0.1169706 113.7378 76.15063 140.5966 100 0.9851342
 1200 5 3 0.1296878 128.1392 78.59618 141.8658 100 0.9999730
 1200 5 4 0.1237010  89.6523 69.26831 136.4086 100 0.9999783
 1200 5 5 0.1284440 112.6002 76.79475 138.4899 100 0.9999673
 1200 5 6 0.1291673 115.9202 77.45696 140.6192 100 0.9999706
 1400 5 1 0.1374132 136.64201 85.21819 157.2144 150 0.9999664
 1400 5 2 0.1296048  98.51377 74.32756 145.5067 150 0.9999760
 1400 5 3 0.1421259 165.34013 94.32109 164.4572 150 0.9999538
 1400 5 4 0.1446073 171.09275 98.67321 167.1081 150 0.9999518
 1400 5 5 0.1372083 132.38833 85.93534 156.0667 150 0.9999668
 1400 5 6 0.1403754 159.23512 91.78943 161.4153 150 0.9999574
 100 10 1 0.03022757 10.084416 11.67913 50 50 0.9996216
 100 10 2 0.02933745  7.891026 11.18729 50 50 0.9991145
 100 10 3 0.02998959  9.450070 11.55999 50 50 0.9995509
 100 10 4 0.03072057  9.854378 11.75021 50 50 0.9998187
 100 10 5 0.03009899  9.330699 11.54404 50 50 0.9996671
 100 10 6 0.03043902  9.741510 11.60277 50 50 0.9997825
 200 10 1 0.05616824 80.15968 44.74996 69.98547 50 0.9999460
 200 10 2 0.05561648 76.16245 43.44397 71.61961 50 0.9999534
 200 10 3 0.05605481 78.37380 44.48350 72.40117 50 0.9999410
 200 10 4 0.05539822 77.47482 43.98551 71.20743 50 0.9999236
 200 10 5 0.05540814 81.79622 43.04091 69.05109 50 0.9999424
 200 10 6 0.05524712 75.45038 42.53130 69.43199 50 0.9999343
 600 10 1 0.09390428 133.1548 67.85188 100.57427 100 0.9999946
 600 10 2 0.09253274 107.7550 63.06085  99.20575 100 0.9999949
 600 10 3 0.09488381 130.2298 68.22998 102.37724 100 0.9999926
 600 10 4 0.09363262 129.8767 66.85155  99.92436 100 0.9999925
 600 10 5 0.09232837 116.6800 63.27897  97.09172 100 0.9999951
 600 10 6 0.09412038 129.4045 69.33675 102.57296 100 0.9999899
 800 10 1 0.09812480 101.82927 60.49291  99.52967 100 0.9999961
 800 10 2 0.09810372 105.80361 60.55646 101.13803 100 0.9999946
 800 10 3 0.09733809  98.17407 60.05200 100.62684 100 0.9999933
 800 10 4 0.09856125 102.22664 61.47643 100.40501 100 0.9999951
 800 10 5 0.09704940 103.40928 59.00872  98.23487 100 0.9999943
 800 10 6 0.09855877 103.17842 61.45347 100.69802 100 0.9999937
 1000 10 1 0.09896176 92.90228 57.19699 101.67162 100 0.9996544
 1000 10 2 0.10151488 90.66878 58.58493 102.05731 100 0.9999935
 1000 10 3 0.10155299 89.34574 58.13198 103.21270 100 0.9999859
 1000 10 4 0.10133778 85.79203 57.79001 102.06948 100 0.9999926
 1000 10 5 0.10008407 85.57511 56.23507  99.56897 100 0.9999933
 1000 10 6 0.09887843 84.09886 55.48003  97.72727 100 0.9999963
 1200 10 1 0.09547303 90.73840 59.01568 103.8649 100 0.9960715
 1200 10 2 0.10263679 81.51991 55.45834 101.3808 100 0.9999946
 1200 10 3 0.10350017 88.13594 57.30848 102.1898 100 0.9999925
 1200 10 4 0.10405610 86.40049 58.68523 104.2129 100 0.9999944
 1200 10 5 0.10273329 82.00413 56.21284 102.6007 100 0.9999945
 1200 10 6 0.10450474 83.24228 57.91010 105.0183 100 0.9999945
 1400 10 1 0.10608681 83.33792 58.32523 107.2624 100 0.9999920
 1400 10 2 0.10567929 82.30814 57.93033 106.0377 100 0.9999934
 1400 10 3 0.10415796 77.52386 55.90080 105.8579 100 0.9999911
 1400 10 4 0.10456193 78.13286 56.58083 103.7120 100 0.9999928
 1400 10 5 0.09586998 77.78088 56.59459 104.1770 100 0.9929059
 1400 10 6 0.10582734 83.13540 57.97034 105.7229 100 0.9999912
 100 50 1 0.01600376 NA 5 NaN NA 0.9999862
 100 50 2 0.01538391 NA 5 NaN NA 0.9999865
 100 50 3 0.01597238 NA 5 NaN NA 0.9999837
 100 50 4 0.01675710 NA 5 NaN NA 0.9999386
 100 50 5 0.01539736 NA 5 NaN NA 0.9999849
 100 50 6 0.01609400 NA 5 NaN NA 0.9999887
 200 50 1 0.01662915 NA 5 NaN NA 0.9999860
 200 50 2 0.01642559 NA 5 NaN NA 0.9999466
 200 50 3 0.01506927 NA 5 NaN NA 0.9999746
 200 50 4 0.01593558 NA 5 NaN NA 0.9999890
 200 50 5 0.01636375 NA 5 NaN NA 0.9999857
 200 50 6 0.01620999 NA 5 NaN NA 0.9999725
 600 50 1 0.01590807       NA 7.211916 67.85714  50 0.9984744
 600 50 2 0.01479311       NA 5.910898 87.50000 100 0.9983490
 600 50 3 0.01541138       NA 6.517763 55.55556  50 0.9981398
 600 50 4 0.01650675 1.913046 8.047522 82.14286  75 0.9986999
 600 50 5 0.01466664       NA 6.646907 68.75000  50 0.9988631
 600 50 6 0.01592702       NA 7.170337 70.00000  50 0.9987226
 800 50 1 0.01737138 32.21811 10.599788 74.19355 50 0.9986376
 800 50 2 0.01720619 20.93647  9.798096 75.80645 50 0.9995223
 800 50 3 0.01752967 33.73316 11.297371 69.23077 50 0.9993653
 800 50 4 0.01629022 24.24891  9.818262 82.60870 50 0.9992754
 800 50 5 0.01637035 25.01294 10.136167 75.00000 50 0.9987220
 800 50 6 0.01752123 24.11434 10.013406 67.18750 50 0.9992023
 1000 50 1 0.01681342 23.87167  9.819494 85.41667 75 0.9999287
 1000 50 2 0.01702106       NA  9.467759 75.00000 50 0.9999241
 1000 50 3 0.01768809 42.32121 12.884702 85.22727 75 0.9999066
 1000 50 4 0.01596715 36.54738 11.190355 73.33333 50 0.9994551
 1000 50 5 0.01782099 52.25845 13.239181 86.36364 50 0.9998775
 1000 50 6 0.01811065 59.24834 15.088405 92.00000 50 0.9997862
 1200 50 1 0.01714982 105.91930 14.73974 104.16667 100 0.9995575
 1200 50 2 0.02014610 141.69279 23.20431 111.40351  50 0.9999411
 1200 50 3 0.01962918  67.86019 18.94731  81.08108  50 0.9999326
 1200 50 4 0.01905281 102.23370 23.02026  97.01493 100 0.9999480
 1200 50 5 0.01812688  82.47508 17.20274  97.95918  50 0.9998217
 1200 50 6 0.01802888  81.30985 13.73861  93.33333  50 0.9999772
 1400 50 1 0.01956543 60.85548 18.50874 84.61538 100 0.9998420
 1400 50 2 0.02061297 92.31973 22.89789 98.70130  50 0.9999227
 1400 50 3 0.02137468 80.30631 22.37173 87.00000  50 0.9999623
 1400 50 4 0.02106176 80.08130 23.32126 86.55914  50 0.9999237
 1400 50 5 0.01940559 80.95562 21.82188 94.73684 100 0.9999469
 1400 50 6 0.01939114 54.94028 16.23011 75.00000  50 0.9999201
