lact	mact	tissue	group	speed	pexp	phalf	pintmean	pintmedian
 200 30 stiff 1 0.04338879 20.97378 14.60276 NA NA
 200 30 stiff 2 0.04337426 20.38033 14.47471 NA NA
 200 30 stiff 3 0.04392170 21.57000 14.84437 NA NA
 200 30 stiff 4 0.04299016 20.27896 14.26992 NA NA
 500 30 stiff 1 0.08282209 82.24984 56.56779 NA NA
 500 30 stiff 2 0.08417771 79.27569 56.19977 NA NA
 500 30 stiff 3 0.08228393 77.16576 54.75080 NA NA
 500 30 stiff 4 0.08172745 74.49492 53.35684 NA NA
 1000 30 stiff 1 0.1558928 105.6690 74.08057 NA NA
 1000 30 stiff 2 0.1563910 110.4947 75.08692 NA NA
 1000 30 stiff 3 0.1541320 108.9293 73.53334 NA NA
 1000 30 stiff 4 0.1575413 107.7512 74.38341 NA NA
 1250 30 stiff 1 0.1686553 103.06134 68.46754 NA NA
 1250 30 stiff 2 0.1664609  96.98547 68.06335 NA NA
 1250 30 stiff 3 0.1690290  95.16599 67.86408 NA NA
 1250 30 stiff 4 0.1690546  99.82464 68.68335 NA NA
 1500 30 stiff 1 0.1786747 93.57791 64.87512 NA NA
 1500 30 stiff 2 0.1796479 96.35098 64.50960 NA NA
 1500 30 stiff 3 0.1805726 92.72695 63.43756 NA NA
 1500 30 stiff 4 0.1769597 94.90598 63.67126 NA NA
 1750 30 stiff 1 0.1890720 89.05635 60.32855 NA NA
 1750 30 stiff 2 0.1884867 83.87085 59.43277 NA NA
 1750 30 stiff 3 0.1942653 91.10292 59.99873 NA NA
 1750 30 stiff 4 0.1875584 92.04266 61.08633 NA NA
 2000 30 stiff 1 0.1965242 76.10909 46.60426 NA NA
 2000 30 stiff 2 0.1982763 81.20832 54.95274 NA NA
 2000 30 stiff 3 0.1952899 83.21035 53.76856 NA NA
 2000 30 stiff 4 0.1954497 80.18605 54.53810 NA NA
 2500 30 stiff 1 0.2214077 52.91748 21.27571 NA NA
 2500 30 stiff 2 0.2207169 46.61797 19.63000 NA NA
 2500 30 stiff 3 0.2249491 41.83411 15.30312 NA NA
 2500 30 stiff 4 0.2202352 52.52288 21.05573 NA NA
 100 100 stiff 1 0.04867574 126.3991 20.57665 NA NA
 100 100 stiff 2 0.04775931 111.5785 19.15466 NA NA
 100 100 stiff 3 0.04837793 122.2060 20.37788 NA NA
 100 100 stiff 4 0.04812622 129.9827 19.62914 NA NA
 200 100 stiff 1 0.08718016 223.0922 104.0822 NA NA
 200 100 stiff 2 0.08762604 221.3572 103.6669 NA NA
 200 100 stiff 3 0.08764038 212.6758 102.0653 NA NA
 200 100 stiff 4 0.08780248 227.4512 102.1573 NA NA
 300 100 stiff 1 0.1015531 191.7837 91.02148 NA NA
 300 100 stiff 2 0.1034435 191.8840 91.55817 NA NA
 300 100 stiff 3 0.1029251 193.7243 92.14335 NA NA
 300 100 stiff 4 0.1030289 199.8530 92.97234 NA NA
 500 100 stiff 1 0.1186295 153.7273 77.57538 NA NA
 500 100 stiff 2 0.1185913 155.5499 76.75129 NA NA
 500 100 stiff 3 0.1178073 150.1019 77.00075 NA NA
 500 100 stiff 4 0.1177779 158.1272 75.93898 NA NA
 750 100 stiff 1 0.1311142  84.49779 17.31939 NA NA
 750 100 stiff 2 0.1304548 132.17672 62.09982 NA NA
 750 100 stiff 3 0.1310409 114.32138 49.50197 NA NA
 750 100 stiff 4 0.1289067 118.97390 46.32572 NA NA
 1000 100 stiff 1 0.1522862       NA  6.725426 NA NA
 1000 100 stiff 2 0.1440512 39.14542 12.778804 NA NA
 1000 100 stiff 3 0.1460609 34.47515 11.599117 NA NA
 1000 100 stiff 4 0.1453793 26.44055 11.047848 NA NA
 200 30 deformable 1 0.04558246 39.71369 23.07823 NA NA
 200 30 deformable 2 0.05160933 44.16549 25.43529 NA NA
 200 30 deformable 3 0.03396140 22.20735 14.81556 NA NA
 200 30 deformable 4 0.03991067 36.41023 20.04944 NA NA
 500 30 deformable 1 0.08450372  92.26289 64.95141 NA NA
 500 30 deformable 2 0.10195016 104.10980 72.59807 NA NA
 500 30 deformable 3 0.05223203  56.39525 41.66273 NA NA
 500 30 deformable 4 0.06902719  88.38233 60.10147 NA NA
 1000 30 deformable 1 0.1265716 105.66801 70.39151 NA NA
 1000 30 deformable 2 0.1475667 103.72370 70.14521 NA NA
 1000 30 deformable 3 0.1005088  99.19092 74.32794 NA NA
 1000 30 deformable 4 0.1152816  98.11609 69.22108 NA NA
 1250 30 deformable 1 0.1489976 101.4893 69.93526 NA NA
 1250 30 deformable 2 0.1641081 104.6464 67.76690 NA NA
 1250 30 deformable 3 0.1273372 119.0497 85.74581 NA NA
 1250 30 deformable 4 0.1372526 110.2759 76.10914 NA NA
 1500 30 deformable 1 0.16091310  99.53223 67.42993 NA NA
 1500 30 deformable 2 0.12806598  93.11528 63.29337 NA NA
 1500 30 deformable 3 0.09644069 115.38329 82.68575 NA NA
 1500 30 deformable 4 0.12997880 104.66949 72.19352 NA NA
 1750 30 deformable 1 0.1417083  95.69956 62.27046 NA NA
 1750 30 deformable 2 0.1813836  93.85546 62.14323 NA NA
 1750 30 deformable 3 0.1281107 119.52926 81.11570 NA NA
 1750 30 deformable 4 0.1471652 100.87416 69.44720 NA NA
 2000 30 deformable 1 0.1547648  94.76524 61.90917 NA NA
 2000 30 deformable 2 0.1394814  79.92610 53.63303 NA NA
 2000 30 deformable 3 0.1598522 108.87621 76.56034 NA NA
 2000 30 deformable 4 0.1554678 102.05442 67.90730 NA NA
 2500 30 deformable 1 0.1944386  81.28846 52.72834 NA NA
 2500 30 deformable 2 0.2019247  73.51970 47.52525 NA NA
 2500 30 deformable 3 0.1631151 101.52033 70.12393 NA NA
 2500 30 deformable 4 0.1727464  86.56877 57.26001 NA NA
 100 100 deformable 1 0.05051933 203.8462 77.36932 NA NA
 100 100 deformable 2 0.05694637 201.6868 82.03868 NA NA
 100 100 deformable 3 0.03610870 105.5654 21.02702 NA NA
 100 100 deformable 4 0.04324879 169.5353 58.65397 NA NA
 200 100 deformable 1 0.07354438 250.9746 107.2951 NA NA
 200 100 deformable 2 0.08368211 320.0121 109.9054 NA NA
 200 100 deformable 3 0.05852458 251.5254 141.4971 NA NA
 200 100 deformable 4 0.06688576 274.1965 122.3955 NA NA
 300 100 deformable 1 0.09467750 369.2993 113.1801 NA NA
 300 100 deformable 2 0.10017115 360.8960 105.0278 NA NA
 300 100 deformable 3 0.08279767 383.2647 155.1057 NA NA
 300 100 deformable 4 0.08908330 368.8368 133.6198 NA NA
 500 100 deformable 1 0.10999383 413.1533 107.35273 NA NA
 500 100 deformable 2 0.11324683 350.9610  96.01613 NA NA
 500 100 deformable 3 0.09824612 436.9919 131.94031 NA NA
 500 100 deformable 4 0.10561903 412.2395 116.48167 NA NA
 750 100 deformable 1 0.1201661 433.2861  97.86562 NA NA
 750 100 deformable 2 0.1235921 412.5101  87.35169 NA NA
 750 100 deformable 3 0.1133602 431.9978 123.46265 NA NA
 750 100 deformable 4 0.1151018 421.2594 106.22887 NA NA
 1000 100 deformable 1 0.1254752 338.9115  41.69450 NA NA
 1000 100 deformable 2 0.1288360 350.3321  65.76827 NA NA
 1000 100 deformable 3 0.1213646 591.9447 116.68321 NA NA
 1000 100 deformable 4 0.1233802 452.2371  99.75283 NA NA
